context_switches: 202
total_time: 2101.202
avg_waiting: 833.7324749999982
max_waiting: 1689.2019999999966
avg_turnaround: 844.2324749999982
max_turnaround: 1707.2019999999966
throughput_T_50: 6
throughput_T_100: 11
throughput_T_150: 14
throughput_T_200: 20
cpu_efficiency_percent: 99.75242742011493
