context_switches: 200
total_time: 2101.2
avg_waiting: 824.8704999999983
max_waiting: 1689.1999999999966
avg_turnaround: 835.3704999999983
max_turnaround: 1707.1999999999966
throughput_T_50: 8
throughput_T_100: 13
throughput_T_150: 16
throughput_T_200: 21
cpu_efficiency_percent: 99.9428897772703
