context_switches: 101
total_time: 1050.101
avg_waiting: 411.4414899999994
max_waiting: 836.1009999999983
avg_turnaround: 421.9414899999994
max_turnaround: 854.1009999999983
throughput_T_50: 4
throughput_T_100: 8
throughput_T_150: 15
throughput_T_200: 19
cpu_efficiency_percent: 99.79992400730994
