context_switches: 111
total_time: 1050.111
avg_waiting: 267.9195699999998
max_waiting: 926.1069999999991
avg_turnaround: 278.4195699999998
max_turnaround: 946.1069999999991
throughput_T_50: 9
throughput_T_100: 20
throughput_T_150: 31
throughput_T_200: 42
cpu_efficiency_percent: 98.27532517990964
