context_switches: 100
total_time: 1050.1
avg_waiting: 268.4404999999998
max_waiting: 926.0959999999991
avg_turnaround: 278.9404999999998
max_turnaround: 946.0959999999991
throughput_T_50: 9
throughput_T_100: 20
throughput_T_150: 30
throughput_T_200: 42
cpu_efficiency_percent: 99.99047709741939
